Slack form
N = x0 x1 x2 x3 x4 x5 , B = x6 x7 x8 x9 x10 x11 x12 x13 
  0.0   0.0   0.0   0.0   0.0   0.0   0.0   0.0 ||    -3.0 -16.0  -0.0   3.0  -6.0 -17.0   0.0   0.0   0.0   0.0   0.0   0.0   0.0   0.0 =         0
--------------------------------------------------------------------------------------------------------------------------------------------------------------------------------
  1.0   0.0   0.0   0.0   0.0   0.0   0.0   0.0 ||    16.0  -2.0   6.0   8.0  13.0  -5.0   1.0   0.0   0.0   0.0   0.0   0.0   0.0   0.0 =      15.0
  0.0   1.0   0.0   0.0   0.0   0.0   0.0   0.0 ||     5.0  -7.0  13.0   0.0  16.0   3.0   0.0   1.0   0.0   0.0   0.0   0.0   0.0   0.0 =       4.0
  0.0   0.0   1.0   0.0   0.0   0.0   0.0   0.0 ||     6.0  15.0   3.0   1.0 -10.0  -5.0   0.0   0.0   1.0   0.0   0.0   0.0   0.0   0.0 =       0.0
  0.0   0.0   0.0   1.0   0.0   0.0   0.0   0.0 ||    17.0  -7.0  -1.0   0.0  14.0  -5.0   0.0   0.0   0.0   1.0   0.0   0.0   0.0   0.0 =       8.0
  0.0   0.0   0.0   0.0   1.0   0.0   0.0   0.0 ||    -9.0   2.0  15.0  15.0  13.0  -7.0   0.0   0.0   0.0   0.0   1.0   0.0   0.0   0.0 =       0.0
  0.0   0.0   0.0   0.0   0.0   1.0   0.0   0.0 ||    -8.0  11.0  17.0  -1.0 -10.0   3.0   0.0   0.0   0.0   0.0   0.0   1.0   0.0   0.0 =      -2.0
  0.0   0.0   0.0   0.0   0.0   0.0   1.0   0.0 ||    -2.0  -2.0   4.0  -2.0   2.0   1.0   0.0   0.0   0.0   0.0   0.0   0.0   1.0   0.0 =      19.0
  0.0   0.0   0.0   0.0   0.0   0.0   0.0   1.0 ||    -6.0  16.0   5.0  -9.0  -6.0  -5.0   0.0   0.0   0.0   0.0   0.0   0.0   0.0   1.0 =       6.0


Auxiliar form
N = x0 x1 x2 x3 x4 x5 x11 , B = x6 x7 x8 x9 x10 x14 x12 x13 
  0.0   0.0   0.0   0.0   0.0   1.0   0.0   0.0 ||    -8.0  11.0  17.0  -1.0 -10.0   3.0   0.0   0.0   0.0   0.0   0.0   1.0   0.0   0.0   0.0 =      -2.0
----------------------------------------------------------------------------------------------------------------------------------------------------------------------------------------
  1.0   0.0   0.0   0.0   0.0   0.0   0.0   0.0 ||    16.0  -2.0   6.0   8.0  13.0  -5.0   1.0   0.0   0.0   0.0   0.0   0.0   0.0   0.0   0.0 =      15.0
  0.0   1.0   0.0   0.0   0.0   0.0   0.0   0.0 ||     5.0  -7.0  13.0   0.0  16.0   3.0   0.0   1.0   0.0   0.0   0.0   0.0   0.0   0.0   0.0 =       4.0
  0.0   0.0   1.0   0.0   0.0   0.0   0.0   0.0 ||     6.0  15.0   3.0   1.0 -10.0  -5.0   0.0   0.0   1.0   0.0   0.0   0.0   0.0   0.0   0.0 =       0.0
  0.0   0.0   0.0   1.0   0.0   0.0   0.0   0.0 ||    17.0  -7.0  -1.0   0.0  14.0  -5.0   0.0   0.0   0.0   1.0   0.0   0.0   0.0   0.0   0.0 =       8.0
  0.0   0.0   0.0   0.0   1.0   0.0   0.0   0.0 ||    -9.0   2.0  15.0  15.0  13.0  -7.0   0.0   0.0   0.0   0.0   1.0   0.0   0.0   0.0   0.0 =       0.0
 -0.0  -0.0  -0.0  -0.0  -0.0  -1.0  -0.0  -0.0 ||     8.0 -11.0 -17.0   1.0  10.0  -3.0  -0.0  -0.0  -0.0  -0.0  -0.0  -1.0  -0.0  -0.0   1.0 =       2.0
  0.0   0.0   0.0   0.0   0.0   0.0   1.0   0.0 ||    -2.0  -2.0   4.0  -2.0   2.0   1.0   0.0   0.0   0.0   0.0   0.0   0.0   1.0   0.0   0.0 =      19.0
  0.0   0.0   0.0   0.0   0.0   0.0   0.0   1.0 ||    -6.0  16.0   5.0  -9.0  -6.0  -5.0   0.0   0.0   0.0   0.0   0.0   0.0   0.0   1.0   0.0 =       6.0


Solve auxiliar
N = x8 x1 x2 x3 x4 x5 x11 , B = x6 x7 x0 x9 x10 x14 x12 x13 
  0.0   0.0  1.33   0.0   0.0   1.0   0.0   0.0 ||     0.0  31.0  21.0  0.33 -23.33 -3.67   0.0   0.0  1.33   0.0   0.0   1.0   0.0   0.0   0.0 =      -2.0
----------------------------------------------------------------------------------------------------------------------------------------------------------------------------------------
  1.0   0.0 -2.67   0.0   0.0   0.0   0.0   0.0 ||     0.0 -42.0  -2.0  5.33 39.67  8.33   1.0   0.0 -2.67   0.0   0.0   0.0   0.0   0.0   0.0 =      15.0
  0.0   1.0 -0.83   0.0   0.0   0.0   0.0   0.0 ||     0.0 -19.5  10.5 -0.83 24.33  7.17   0.0   1.0 -0.83   0.0   0.0   0.0   0.0   0.0   0.0 =       4.0
  0.0   0.0  0.17   0.0   0.0   0.0   0.0   0.0 ||     1.0   2.5   0.5  0.17 -1.67 -0.83   0.0   0.0  0.17   0.0   0.0   0.0   0.0   0.0   0.0 =       0.0
  0.0   0.0 -2.83   1.0   0.0   0.0   0.0   0.0 ||     0.0 -49.5  -9.5 -2.83 42.33  9.17   0.0   0.0 -2.83   1.0   0.0   0.0   0.0   0.0   0.0 =       8.0
  0.0   0.0   1.5   0.0   1.0   0.0   0.0   0.0 ||     0.0  24.5  19.5  16.5  -2.0 -14.5   0.0   0.0   1.5   0.0   1.0   0.0   0.0   0.0   0.0 =       0.0
 -0.0  -0.0 -1.33  -0.0  -0.0  -1.0  -0.0  -0.0 ||     0.0 -31.0 -21.0 -0.33 23.33  3.67  -0.0  -0.0 -1.33  -0.0  -0.0  -1.0  -0.0  -0.0   1.0 =       2.0
  0.0   0.0  0.33   0.0   0.0   0.0   1.0   0.0 ||     0.0   3.0   5.0 -1.67 -1.33 -0.67   0.0   0.0  0.33   0.0   0.0   0.0   1.0   0.0   0.0 =      19.0
  0.0   0.0   1.0   0.0   0.0   0.0   0.0   1.0 ||     0.0  31.0   8.0  -8.0 -16.0 -10.0   0.0   0.0   1.0   0.0   0.0   0.0   0.0   1.0   0.0 =       6.0


N = x8 x1 x2 x3 x14 x5 x11 , B = x6 x7 x0 x9 x10 x4 x12 x13 
  0.0   0.0   0.0   0.0   0.0   0.0   0.0   0.0 ||     0.0   0.0   0.0   0.0   0.0   0.0   0.0   0.0   0.0   0.0   0.0   0.0   0.0   0.0   1.0 =       0.0
----------------------------------------------------------------------------------------------------------------------------------------------------------------------------------------
  1.0   0.0  -0.4   0.0   0.0   1.7   0.0   0.0 ||     0.0  10.7  33.7   5.9   0.0   2.1   1.0   0.0  -0.4   0.0   0.0   1.7   0.0   0.0  -1.7 =      11.6
  0.0   1.0  0.56   0.0   0.0  1.04   0.0   0.0 ||     0.0 12.83  32.4 -0.49   0.0  3.34   0.0   1.0  0.56   0.0   0.0  1.04   0.0   0.0 -1.04 =      1.91
  0.0   0.0  0.07   0.0   0.0 -0.07   0.0   0.0 ||     1.0  0.29  -1.0  0.14   0.0 -0.57   0.0   0.0  0.07   0.0   0.0 -0.07   0.0   0.0  0.07 =      0.14
  0.0   0.0 -0.41   1.0   0.0  1.81   0.0   0.0 ||     0.0  6.74  28.6 -2.23   0.0  2.51   0.0   0.0 -0.41   1.0   0.0  1.81   0.0   0.0 -1.81 =      4.37
  0.0   0.0  1.39   0.0   1.0 -0.09   0.0   0.0 ||     0.0 21.84  17.7 16.47   0.0 -14.19   0.0   0.0  1.39   0.0   1.0 -0.09   0.0   0.0  0.09 =      0.17
 -0.0  -0.0 -0.06  -0.0  -0.0 -0.04  -0.0  -0.0 ||     0.0 -1.33  -0.9 -0.01   1.0  0.16  -0.0  -0.0 -0.06  -0.0  -0.0 -0.04  -0.0  -0.0  0.04 =      0.09
  0.0   0.0  0.26   0.0   0.0 -0.06   1.0   0.0 ||     0.0  1.23   3.8 -1.69   0.0 -0.46   0.0   0.0  0.26   0.0   0.0 -0.06   1.0   0.0  0.06 =     19.11
  0.0   0.0  0.09   0.0   0.0 -0.69   0.0   1.0 ||     0.0  9.74  -6.4 -8.23   0.0 -7.49   0.0   0.0  0.09   0.0   0.0 -0.69   0.0   1.0  0.69 =      7.37


Final form
N = x8 x1 x2 x3 x5 x11 , B = x6 x7 x0 x9 x10 x4 x12 x13 
  0.0   0.0 -0.13   0.0   0.0 -0.47   0.0   0.0 ||     0.0 -23.11  -8.4  3.34   0.0 -17.77   0.0   0.0 -0.13   0.0   0.0 -0.47   0.0   0.0 =      0.94
--------------------------------------------------------------------------------------------------------------------------------------------------------------------------------
  1.0   0.0  -0.4   0.0   0.0   1.7   0.0   0.0 ||     0.0  10.7  33.7   5.9   0.0   2.1   1.0   0.0  -0.4   0.0   0.0   1.7   0.0   0.0 =      11.6
  0.0   1.0  0.56   0.0   0.0  1.04   0.0   0.0 ||     0.0 12.83  32.4 -0.49   0.0  3.34   0.0   1.0  0.56   0.0   0.0  1.04   0.0   0.0 =      1.91
  0.0   0.0  0.07   0.0   0.0 -0.07   0.0   0.0 ||     1.0  0.29  -1.0  0.14   0.0 -0.57   0.0   0.0  0.07   0.0   0.0 -0.07   0.0   0.0 =      0.14
  0.0   0.0 -0.41   1.0   0.0  1.81   0.0   0.0 ||     0.0  6.74  28.6 -2.23   0.0  2.51   0.0   0.0 -0.41   1.0   0.0  1.81   0.0   0.0 =      4.37
  0.0   0.0  1.39   0.0   1.0 -0.09   0.0   0.0 ||     0.0 21.84  17.7 16.47   0.0 -14.19   0.0   0.0  1.39   0.0   1.0 -0.09   0.0   0.0 =      0.17
 -0.0  -0.0 -0.06  -0.0  -0.0 -0.04  -0.0  -0.0 ||     0.0 -1.33  -0.9 -0.01   1.0  0.16  -0.0  -0.0 -0.06  -0.0  -0.0 -0.04  -0.0  -0.0 =      0.09
  0.0   0.0  0.26   0.0   0.0 -0.06   1.0   0.0 ||     0.0  1.23   3.8 -1.69   0.0 -0.46   0.0   0.0  0.26   0.0   0.0 -0.06   1.0   0.0 =     19.11
  0.0   0.0  0.09   0.0   0.0 -0.69   0.0   1.0 ||     0.0  9.74  -6.4 -8.23   0.0 -7.49   0.0   0.0  0.09   0.0   0.0 -0.69   0.0   1.0 =      7.37


Solve final
N = x10 x1 x2 x3 x5 x11 , B = x6 x7 x0 x9 x8 x4 x12 x13 
  0.0   0.0   0.0   0.0  0.09 -0.48   0.0   0.0 ||     0.0 -21.09 -6.76  4.87   0.0 -19.09   0.0   0.0   0.0   0.0  0.09 -0.48   0.0   0.0 =      0.96
--------------------------------------------------------------------------------------------------------------------------------------------------------------------------------
  1.0   0.0   0.0   0.0  0.29  1.68   0.0   0.0 ||     0.0 17.01 38.81 10.65   0.0 -1.99   1.0   0.0   0.0   0.0  0.29  1.68   0.0   0.0 =     11.65
  0.0   1.0   0.0   0.0  -0.4  1.08   0.0   0.0 ||     0.0  4.05 25.28 -7.11   0.0  9.05   0.0   1.0   0.0   0.0  -0.4  1.08   0.0   0.0 =      1.85
  0.0   0.0   0.0   0.0 -0.05 -0.07   0.0   0.0 ||     1.0 -0.84 -1.91 -0.71   0.0  0.16   0.0   0.0   0.0   0.0 -0.05 -0.07   0.0   0.0 =      0.13
  0.0   0.0   0.0   1.0   0.3  1.79   0.0   0.0 ||     0.0 13.27 33.89   2.7   0.0 -1.73   0.0   0.0   0.0   1.0   0.3  1.79   0.0   0.0 =      4.42
  0.0   0.0   1.0   0.0  0.72 -0.06   0.0   0.0 ||     0.0 15.76 12.77 11.89   0.0 -10.24   0.0   0.0   1.0   0.0  0.72 -0.06   0.0   0.0 =      0.12
  0.0   0.0   0.0   0.0  0.04 -0.05   0.0   0.0 ||     0.0 -0.43 -0.17  0.66   1.0 -0.43   0.0   0.0   0.0   0.0  0.04 -0.05   0.0   0.0 =      0.09
  0.0   0.0   0.0   0.0 -0.19 -0.04   1.0   0.0 ||     0.0 -2.82  0.52 -4.74   0.0  2.18   0.0   0.0   0.0   0.0 -0.19 -0.04   1.0   0.0 =     19.08
  0.0   0.0   0.0   0.0 -0.06 -0.68   0.0   1.0 ||     0.0  8.39 -7.49 -9.25   0.0 -6.61   0.0   0.0   0.0   0.0 -0.06 -0.68   0.0   1.0 =      7.36


N = x10 x8 x2 x3 x5 x11 , B = x6 x7 x0 x9 x1 x4 x12 x13 
  0.0   0.0  1.34   0.0  1.06 -0.56   0.0   0.0 ||     0.0   0.0 10.33 20.77   0.0 -32.78   0.0   0.0  1.34   0.0  1.06 -0.56   0.0   0.0 =      1.12
--------------------------------------------------------------------------------------------------------------------------------------------------------------------------------
  1.0   0.0 -1.08   0.0 -0.49  1.74   0.0   0.0 ||     0.0   0.0 25.03 -2.17   0.0  9.05   1.0   0.0 -1.08   0.0 -0.49  1.74   0.0   0.0 =     11.52
  0.0   1.0 -0.26   0.0 -0.59  1.09   0.0   0.0 ||     0.0   0.0  22.0 -10.16   0.0 11.67   0.0   1.0 -0.26   0.0 -0.59  1.09   0.0   0.0 =      1.81
  0.0   0.0  0.05   0.0 -0.01 -0.07   0.0   0.0 ||     1.0   0.0 -1.23 -0.07   0.0 -0.39   0.0   0.0  0.05   0.0 -0.01 -0.07   0.0   0.0 =      0.14
  0.0   0.0 -0.84   1.0 -0.31  1.84   0.0   0.0 ||     0.0   0.0 23.14 -7.31   0.0  6.89   0.0   0.0 -0.84   1.0 -0.31  1.84   0.0   0.0 =      4.32
  0.0   0.0  0.06   0.0  0.05  -0.0   0.0   0.0 ||     0.0   1.0  0.81  0.75   0.0 -0.65   0.0   0.0  0.06   0.0  0.05  -0.0   0.0   0.0 =      0.01
  0.0   0.0  0.03   0.0  0.06 -0.05   0.0   0.0 ||     0.0   0.0  0.18  0.99   1.0 -0.71   0.0   0.0  0.03   0.0  0.06 -0.05   0.0   0.0 =       0.1
  0.0   0.0  0.18   0.0 -0.06 -0.05   1.0   0.0 ||     0.0   0.0   2.8 -2.61   0.0  0.34   0.0   0.0  0.18   0.0 -0.06 -0.05   1.0   0.0 =      19.1
  0.0   0.0 -0.53   0.0 -0.45 -0.65   0.0   1.0 ||     0.0   0.0 -14.29 -15.58   0.0 -1.16   0.0   0.0 -0.53   0.0 -0.45 -0.65   0.0   1.0 =      7.29


N = x10 x8 x2 x3 x7 x11 , B = x6 x5 x0 x9 x1 x4 x12 x13 
  0.0  2.81  0.62   0.0 -0.59  2.51   0.0   0.0 ||     0.0   0.0 72.12 -7.76   0.0   0.0   0.0  2.81  0.62   0.0 -0.59  2.51   0.0   0.0 =      6.22
--------------------------------------------------------------------------------------------------------------------------------------------------------------------------------
  1.0 -0.78 -0.88   0.0 -0.03  0.89   0.0   0.0 ||     0.0   0.0  7.97  5.71   0.0   0.0   1.0 -0.78 -0.88   0.0 -0.03  0.89   0.0   0.0 =     10.11
  0.0  0.09 -0.02   0.0 -0.05  0.09   0.0   0.0 ||     0.0   0.0  1.88 -0.87   0.0   1.0   0.0  0.09 -0.02   0.0 -0.05  0.09   0.0   0.0 =      0.16
  0.0  0.03  0.04   0.0 -0.03 -0.03   0.0   0.0 ||     1.0   0.0  -0.5 -0.41   0.0   0.0   0.0  0.03  0.04   0.0 -0.03 -0.03   0.0   0.0 =       0.2
  0.0 -0.59 -0.69   1.0  0.04   1.2   0.0   0.0 ||     0.0   0.0 10.14 -1.31   0.0   0.0   0.0 -0.59 -0.69   1.0  0.04   1.2   0.0   0.0 =      3.25
  0.0  0.06  0.05   0.0  0.01  0.06   0.0   0.0 ||     0.0   1.0  2.03  0.19   0.0   0.0   0.0  0.06  0.05   0.0  0.01  0.06   0.0   0.0 =      0.11
  0.0  0.06  0.01   0.0  0.03  0.02   0.0   0.0 ||     0.0   0.0  1.51  0.37   1.0   0.0   0.0  0.06  0.01   0.0  0.03  0.02   0.0   0.0 =      0.21
  0.0 -0.03  0.19   0.0 -0.04 -0.08   1.0   0.0 ||     0.0   0.0  2.16 -2.32   0.0   0.0   0.0 -0.03  0.19   0.0 -0.04 -0.08   1.0   0.0 =     19.05
  0.0   0.1 -0.56   0.0  -0.5 -0.54   0.0   1.0 ||     0.0   0.0 -12.11 -16.58   0.0   0.0   0.0   0.1 -0.56   0.0  -0.5 -0.54   0.0   1.0 =      7.47


N = x4 x8 x2 x3 x7 x11 , B = x6 x5 x0 x9 x1 x10 x12 x13 
  0.0  4.22  0.89   0.0   0.0  2.93   0.0   0.0 ||     0.0   0.0 107.29  0.96 23.34   0.0   0.0  4.22  0.89   0.0   0.0  2.93   0.0   0.0 =     11.02
--------------------------------------------------------------------------------------------------------------------------------------------------------------------------------
  1.0 -0.69 -0.86   0.0   0.0  0.92   0.0   0.0 ||     0.0   0.0 10.03  6.22  1.37   0.0   1.0 -0.69 -0.86   0.0   0.0  0.92   0.0   0.0 =     10.39
  0.0  0.21   0.0   0.0   0.0  0.13   0.0   0.0 ||     0.0   0.0  4.88 -0.13  1.99   1.0   0.0  0.21   0.0   0.0   0.0  0.13   0.0   0.0 =      0.56
  0.0  0.11  0.06   0.0   0.0 -0.01   0.0   0.0 ||     1.0   0.0  1.43  0.07  1.28   0.0   0.0  0.11  0.06   0.0   0.0 -0.01   0.0   0.0 =      0.46
  0.0 -0.68 -0.71   1.0   0.0  1.17   0.0   0.0 ||     0.0   0.0  7.88 -1.88  -1.5   0.0   0.0 -0.68 -0.71   1.0   0.0  1.17   0.0   0.0 =      2.94
  0.0  0.02  0.04   0.0   0.0  0.05   0.0   0.0 ||     0.0   1.0  1.25  -0.0 -0.52   0.0   0.0  0.02  0.04   0.0   0.0  0.05   0.0   0.0 =       0.0
  0.0  2.39  0.46   0.0   1.0  0.71   0.0   0.0 ||     0.0   0.0  59.5 14.75 39.49   0.0   0.0  2.39  0.46   0.0   1.0  0.71   0.0   0.0 =      8.13
  0.0  0.06   0.2   0.0   0.0 -0.06   1.0   0.0 ||     0.0   0.0  4.49 -1.74  1.54   0.0   0.0  0.06   0.2   0.0   0.0 -0.06   1.0   0.0 =     19.37
  0.0   1.3 -0.33   0.0   0.0 -0.18   0.0   1.0 ||     0.0   0.0  17.9 -9.15 19.92   0.0   0.0   1.3 -0.33   0.0   0.0 -0.18   0.0   1.0 =     11.57


N = x4 x8 x2 x3 x7 x11 , B = x6 x5 x0 x9 x1 x10 x12 x13 
  0.0  4.22  0.89   0.0   0.0  2.93   0.0   0.0 ||     0.0 -23.11  -8.4  3.34   0.0 -17.77   0.0   0.0 -0.13   0.0   0.0 -0.47   0.0   0.0 =     11.02
--------------------------------------------------------------------------------------------------------------------------------------------------------------------------------
  1.0 -0.69 -0.86   0.0   0.0  0.92   0.0   0.0 ||     0.0   0.0 10.03  6.22  1.37   0.0   1.0 -0.69 -0.86   0.0   0.0  0.92   0.0   0.0 =     10.39
  0.0  0.21   0.0   0.0   0.0  0.13   0.0   0.0 ||     0.0   0.0  4.88 -0.13  1.99   1.0   0.0  0.21   0.0   0.0   0.0  0.13   0.0   0.0 =      0.56
  0.0  0.11  0.06   0.0   0.0 -0.01   0.0   0.0 ||     1.0   0.0  1.43  0.07  1.28   0.0   0.0  0.11  0.06   0.0   0.0 -0.01   0.0   0.0 =      0.46
  0.0 -0.68 -0.71   1.0   0.0  1.17   0.0   0.0 ||     0.0   0.0  7.88 -1.88  -1.5   0.0   0.0 -0.68 -0.71   1.0   0.0  1.17   0.0   0.0 =      2.94
  0.0  0.02  0.04   0.0   0.0  0.05   0.0   0.0 ||     0.0   1.0  1.25  -0.0 -0.52   0.0   0.0  0.02  0.04   0.0   0.0  0.05   0.0   0.0 =       0.0
  0.0  2.39  0.46   0.0   1.0  0.71   0.0   0.0 ||     0.0   0.0  59.5 14.75 39.49   0.0   0.0  2.39  0.46   0.0   1.0  0.71   0.0   0.0 =      8.13
  0.0  0.06   0.2   0.0   0.0 -0.06   1.0   0.0 ||     0.0   0.0  4.49 -1.74  1.54   0.0   0.0  0.06   0.2   0.0   0.0 -0.06   1.0   0.0 =     19.37
  0.0   1.3 -0.33   0.0   0.0 -0.18   0.0   1.0 ||     0.0   0.0  17.9 -9.15 19.92   0.0   0.0   1.3 -0.33   0.0   0.0 -0.18   0.0   1.0 =     11.57


otima
0.4646 0.0022 0.0 0.0 0.0 0.5642 
0.0 4.219 0.8883 0.0 0.0 2.9281 0.0 0.0 